281662
1.08837
0
0.09971
0
0.21814
0
253199
1.80812
0
0.93945
0
0.22382
0
282175
1.03823
0
0.94186
0
0.29005
0
282111
0.88223
0
0.22241
0
0.18610
0
272961
0.89991
0
1.98806
0
0.61344
0
279254
1.20670
0
1.80077
0
0.35514
0
260872
2.19797
0
0.72812
0
0.23776
0
282151
0.94845
0
-0.13670
0
0.20875
0
281523
1.20234
0
1.24897
0
0.14726
0
281567
0.90148
0
1.28480
0
0.16264
0
261529
1.61471
0
0.68437
0
0.14791
0
281517
1.68868
0
0.32736
0
0.13811
0
282137
1.16967
0
-0.10088
0
0.18747
0
261524
1.33251
0
1.24123
0
0.27335
0
281643
1.34023
0
0.16718
0
0.36545
0
282091
1.72696
0
0.61729
0
0.26169
0
260880
1.80030
0
1.32313
0
0.17994
0
281575
1.80481
0
1.17671
0
0.25122
0
273806
1.93460
0
1.34413
0
0.38372
0
282075
0.71449
0
1.08685
0
0.26828
0
281654
1.13938
0
1.37504
0
0.22176
0
260192
0.79595
0
0.55400
0
0.15283
0
250946
1.50433
0
1.66027
0
0.25906
0
281526
1.73470
0
-0.01196
0
0.28649
0
274038
2.04412
0
-0.07801
0
0.18540
0
282081
1.50349
0
-0.14651
0
0.16132
0
281594
0.53615
0
1.80138
0
0.23260
0
281710
1.26505
0
-0.31168
0
0.22709
0
281528
1.75849
0
1.33002
0
0.27046
0
274473
0.78916
0
-0.61573
0
0.28494
0
281597
1.54379
0
0.24655
0
0.31368
0
281720
1.40134
0
-0.17215
0
0.16791
0
279260
0.94038
0
0.64066
0
0
0
251056
0.73458
0
0.34039
0
0
0
273628
0.76851
0
-0.61678
0
0
0
254660
0.79481
0
0.86803
0
0
0
