219454
0.84593
0.01151
-1.73968
0.03158
0
0.01798
272713
0.98311
0.01562
-0.84536
0.02600
0.30074
0.01144
272150
0.55281
0.00605
-1.55473
0.01754
0
0
228026
0.68384
0.01578
-1.35137
0.07120
0.41413
0.02254
261650
1.02530
0.01905
0.06812
0.02010
0.42860
0.00668
249141
0.76284
0.01229
-0.08337
0.02255
0.17507
0.00867
259275
1.38033
0.02467
0.61016
0.01132
0.40330
0.00414
281674
0.40932
0.00541
-1.85486
0.02607
0
0
250204
0.80755
0.01303
-0.20459
0.02323
0.21698
0.00900
261096
0.77404
0.01205
0.11892
0.01887
0.14344
0.00735
219417
1.05190
0.01342
0.37428
0.00993
0.11338
0.00428
219445
1.40698
0.01985
0.78275
0.00755
0.18457
0.00320
294314
0.59809
0.01070
-0.62203
0.04063
0.10601
0.01507
262270
0.89629
0.01317
-0.11460
0.01798
0.19179
0.00747
260253
0.76064
0.01469
-0.79754
0.04120
0.34887
0.01428
250856
1.50390
0.02361
0.75746
0.00836
0.28155
0.00347
235452
0.56245
0.00646
-1.89320
0.02066
0
0
228013
1.32926
0.01687
-0.00868
0.01011
0.19799
0.00498
281698
0.64038
0.01328
-0.21014
0.03858
0.26491
0.01227
282957
1.30534
0.01502
0.38247
0.00736
0.09901
0.00334
272139
1.11182
0.01518
0.22891
0.01147
0.19169
0.00504
250248
0.91786
0.01488
-1.57881
0.03737
0.20036
0.01980
219518
0.94884
0.01644
0.08809
0.01934
0.33526
0.00698
208688
0.79505
0.01539
-1.69352
0.05742
0.29843
0.02543
219485
0.96921
0.01235
0.14332
0.01191
0.10626
0.00518
272451
0.70378
0.01177
-0.64881
0.03364
0.17118
0.01320
281970
0.72431
0.00683
-1.20268
0.01178
0
0
250225
1.09773
0.01899
0.42512
0.01428
0.34673
0.00524
208369
1.04383
0.02136
0.61008
0.01638
0.42253
0.00514
205475
1.10206
0.01640
0.42638
0.01165
0.22864
0.00482
250531
1.33916
0.02299
0.26479
0.01320
0.42558
0.00495
205549
0.91497
0.01350
-0.98366
0.02644
0.19491
0.01261
272149
1.32335
0
0.70094
0
0.25983
0
205230
1.12459
0
0.12636
0
0.21936
0
208377
0.85109
0
-1.35672
0
0.24510
0
249164
1.35895
0
0.41890
0
0.17659
0
235468
0.87629
0
-0.41801
0
0.15739
0
235415
0.73819
0
0.94135
0
0.17584
0
272872
0.83200
0
0.58205
0
0.38114
0
205464
1.60546
0
0.58687
0
0.29033
0
208512
1.43719
0
-0.43908
0
0.15584
0
198393
1.31539
0
0.29835
0
0.18967
0
250480
1.58447
0
0.32581
0
0.10523
0
208708
0.75864
0
-0.45150
0
0.08862
0
282222
1.13511
0
-0.03380
0
0.19646
0
250242
0.81970
0
-0.07361
0
0.23154
0
261644
1.22010
0
0.13313
0
0.06681
0
235440
1.25275
0
0.13862
0
0.46140
0
250207
0.76296
0.00650
-0.42630
0.00790
0
0
282288
0.87657
0.00705
-0.05978
0.00634
0
0
259286
0.59229
0.00591
-1.06479
0.01292
0
0
282322
0.88505
0.00780
-1.06425
0.00942
0
0
208792
0.87756
0.00713
-0.36862
0.00695
0
0
287941
0.87939
0.00824
-1.37626
0.01116
0
0
272875
0.98416
0
-0.91207
0
0
0
250263
1.14503
0
-0.12168
0
0
0
250262
0.91234
0
0.18295
0
0
0
