250366
0.95751
0.01586
-1.83050
0.04620
0
0.03467
227560
0.52682
0.00660
-1.44127
0.02049
0
0
294559
1.23518
0.02412
-0.33490
0.02323
0.50548
0.00878
258216
0.72058
0.02416
1.22028
0.02298
0.34223
0.00724
221875
0.67206
0.01930
0.06152
0.04813
0.42059
0.01313
247521
1.60141
0.01825
0.78204
0.00495
0.05220
0.00218
227369
1.01890
0.01738
-0.97007
0.03149
0.27037
0.01610
258277
1.30290
0.01703
-0.76184
0.01547
0.13842
0.00960
218934
0.89165
0.02158
0.19339
0.02900
0.47273
0.00874
294558
1.02733
0.01601
-0.41991
0.02127
0.23810
0.01035
272238
0.71822
0.00812
-1.57871
0.01742
0
0
250362
0.96981
0.01020
-1.49512
0.01333
0
0
219000
0.70579
0.01221
-0.19875
0.02784
0.07885
0.01190
227390
0.74596
0.01457
-1.63846
0.06763
0.06481
0.03921
295244
0.96611
0.01322
-0.68309
0.02082
0.08359
0.01123
218914
1.05661
0.01479
-0.96698
0.02275
0.10149
0.01346
227526
0.79216
0.00861
-1.51686
0.01561
0
0
218906
0.54775
0.00691
-1.60809
0.02181
0
0
247474
0.74356
0.00755
-1.07043
0.01253
0
0
294560
1.20387
0.01559
-0.17367
0.01258
0.15181
0.00686
294561
0.91307
0.02076
-0.09239
0.03157
0.47444
0.00994
218990
0.99943
0.01837
-2.14071
0.05929
0
0.05122
281561
1.07700
0.01609
-0.16075
0.01678
0.22167
0.00823
294562
1.02096
0.01971
0.36358
0.01762
0.34351
0.00693
247528
1.41090
0.02298
1.19459
0.00698
0.11788
0.00266
279761
1.46323
0.01842
0.25278
0.00815
0.16117
0.00456
218908
1.42729
0.01791
0.55246
0.00681
0.11497
0.00355
247523
0.88836
0.01553
-0.23637
0.02510
0.25009
0.01076
280099
1.25914
0.02343
1.08382
0.00884
0.20880
0.00368
258267
1.17724
0.01593
0.26342
0.01046
0.14933
0.00535
218889
0.65271
0.01662
-1.39497
0.09289
0.28179
0.03662
258201
0.81807
0.01524
-0.52076
0.03402
0.25274
0.01426
258190
0.86384
0
0.67372
0
0.13494
0
227518
1.54446
0
-0.23900
0
0.29958
0
222082
0.76594
0
-1.23960
0
0.13843
0
221903
0.74446
0
-1.07980
0
0.19771
0
258221
1.57205
0
0.58255
0
0.25546
0
221974
0.88569
0
-1.00492
0
0.32313
0
226150
1.14859
0
-0.66641
0
0.13311
0
250328
0.82419
0
-0.83699
0
0.14310
0
247587
1.05833
0
-0.21612
0
0.14431
0
221984
1.02034
0
-0.62095
0
0.13419
0
227512
0.83213
0
-0.71671
0
0.08557
0
222095
1.67390
0
0.54069
0
0.16224
0
228713
1.31453
0
-0.44946
0
0.24296
0
250443
1.20698
0
-0.16093
0
0.32309
0
228829
0.69765
0
-0.60620
0
0.25009
0
218909
0.94407
0
-0.63488
0
0.26657
0
258237
0.98172
0.00990
-1.34284
0.01201
0
0
295242
0.71449
0.00873
-1.89240
0.02121
0
0
279792
1.05438
0.00881
0.50373
0.00510
0
0
281506
0.65283
0.00660
0.29239
0.00751
0
0
219072
0.72063
0.00706
-0.67847
0.01025
0
0
258215
1.13271
0.00941
-0.42812
0.00635
0
0
247658
0.91685
0
-0.52320
0
0
0
280105
0.91278
0
-1.23549
0
0
0
221898
0.57515
0
-0.56050
0
0
0
