259301
1.19165
0.00502
-0.59105
0.00370
0
0
1.26647
0.00861
0.41697
0.00598
-0.15641
0.00512
-1.52703
0.00501
0
0
282289
1.16288
0.00475
-0.74837
0.00373
0
0
1.78487
0.01246
0.74519
0.00733
-0.64501
0.00496
-1.88504
0.00530
0
0
205711
1.15857
0.00523
-0.53802
0.00395
0
0
0.99296
0.00748
0.27925
0.00570
-0.27110
0.00502
-1.00111
0.00483
0
0
272758
1.30525
0.00565
0.07372
0.00337
0
0
1.11775
0.00590
0.01717
0.00446
-0.23743
0.00438
-0.89749
0.00470
0
0
208665
1.20913
0
-0.18491
0
0
0
1.25096
0
0.45886
0
0.00410
0
-1.71391
0
0
0
250450
0.95981
0
-0.58147
0
0
0
1.16675
0
0.78464
0
0.09098
0
-2.04237
0
0
0
