203711
1.30073
0.01721
-0.54872
0.01353
0.16893
0.00809
207767
1.28741
0.02059
-0.76000
0.01978
0.31763
0.01072
264562
0.89952
0.01304
-0.52133
0.01989
0.08318
0.01010
206959
0.86045
0.01535
-1.00552
0.03630
0.20215
0.01773
212475
1.32272
0.02021
-0.62623
0.01704
0.29474
0.00944
294316
1.20169
0.01579
-0.34229
0.01276
0.14154
0.00722
282101
0.27082
0.00594
-2.20382
0.05132
0
0
207018
1.05299
0.01722
-0.52225
0.02148
0.26464
0.01051
252908
1.16133
0.01685
0.18658
0.01063
0.15479
0.00553
261810
0.75976
0.01616
-1.41977
0.06183
0.23170
0.02880
260526
1.35892
0.01818
-0.12363
0.01055
0.18859
0.00605
260524
0.71165
0.00733
-0.85236
0.01073
0
0
253584
1.43002
0.01737
-0.22186
0.00928
0.13415
0.00563
273038
0.85318
0.01499
-0.25197
0.02326
0.18319
0.01044
207799
0.87601
0.01951
-1.16597
0.05169
0.40584
0.02049
294317
1.21958
0.02513
-0.25456
0.02199
0.51057
0.00809
207021
1.01796
0.02209
-1.49178
0.05104
0.41211
0.02372
281209
0.91497
0.01487
-0.10367
0.01797
0.15574
0.00850
282990
1.01803
0.01281
-0.36826
0.01336
0.05399
0.00704
263123
0.81995
0.01365
-1.30706
0.03924
0.07367
0.02165
227238
1.16027
0.01676
-0.49792
0.01649
0.20360
0.00901
264566
0.91472
0.01336
-1.52488
0.03197
0
0.02001
218497
0.95770
0.01409
-0.81315
0.02299
0.11588
0.01241
281979
1.35471
0.01744
-0.86138
0.01429
0.12465
0.00921
281984
1.49320
0.02540
0.75199
0.00729
0.19957
0.00353
207140
1.31251
0.01680
-1.11698
0.01591
0.07306
0.01050
202988
1.11768
0
-0.53830
0
0.20536
0
218486
0.56845
0
-1.71476
0
0.21844
0
207010
1.13050
0
0.45088
0
0.15437
0
203539
1.18878
0
0.18557
0
0.34876
0
252919
0.59626
0
0.35019
0
0.07320
0
207776
0.77917
0
-0.92107
0
0.28786
0
263115
0.98529
0
1.66680
0
0.14728
0
227276
0.64517
0
-1.97091
0
0.20683
0
202961
0.71502
0
-1.57503
0
0.21077
0
206993
1.15588
0
-0.34452
0
0.23690
0
206980
1.17369
0
-0.56353
0
0.21991
0
281223
0.98041
0
-1.03090
0
0.26510
0
218523
1.12879
0
-0.95709
0
0.08063
0
252969
0.39328
0.00593
-0.87032
0.01814
0
0
281105
1.14250
0.00948
0.17151
0.00474
0
0
273041
0.63596
0.00909
-2.37991
0.02972
0
0
252976
0.89657
0.00881
-1.15422
0.01080
0
0
283007
1.41565
0.01112
0.03619
0.00415
0
0
261014
0.57806
0.00754
-1.83135
0.02285
0
0
227295
0.68978
0
-0.75402
0
0
0
203643
0.68004
0
-1.07231
0
0
0
227103
0.72463
0
-0.46072
0
0
0
