264713
1.14576
0.00491
-0.07614
0.00379
0
0
1.17241
0.00713
0.23979
0.00527
-0.36452
0.00485
-1.04769
0.00505
0
0
265967
1.26084
0.00566
-0.29535
0.00364
0
0
0.99821
0.00697
0.14478
0.00512
-0.10824
0.00484
-1.03476
0.00464
0
0
239639
1.33302
0.00572
0.25924
0.00332
0
0
1.49830
0.00673
-0.05007
0.00441
-0.43501
0.00438
-1.01322
0.00483
0
0
264747
1.19928
0.00504
0.06116
0.00362
0
0
1.48707
0.00760
0.01605
0.00485
-0.21450
0.00474
-1.28863
0.00530
0
0
253798
1.29303
0
-0.04268
0
0
0
0.85106
0
0.17963
0
-0.16185
0
-0.86885
0
0
0
253813
1.15659
0
-0.11712
0
0
0
1.17788
0
0.36878
0
0.21904
0
-1.76570
0
0
0
