249171
0.78503
0.00386
-1.69862
0.00627
0
0
1.77731
0.02226
0.73553
0.01327
-0.69849
0.00782
-1.81435
0.00652
0
0
272899
1.13609
0.00499
-0.48154
0.00395
0
0
1.32456
0.00932
0.09683
0.00560
-0.06938
0.00536
-1.35202
0.00504
0
0
280511
1.06858
0.00415
0.28688
0.00389
0
0
1.53532
0.00736
0.46241
0.00530
-0.46682
0.00511
-1.53091
0.00687
0
0
273032
1.04378
0.00459
-0.27066
0.00419
0
0
1.05544
0.00765
0.18794
0.00569
-0.10981
0.00536
-1.13357
0.00533
0
0
198686
1.07174
0
-0.53072
0
0
0
1.28061
0
0.12386
0
-0.14451
0
-1.25996
0
0
0
198678
1.03969
0
-0.11567
0
0
0
1.18292
0
0.17885
0
-0.22656
0
-1.13520
0
0
0
