273662
1.12678
0.01846
-0.86976
0.02634
0.29191
0.01370
272940
0.59267
0.02019
0.71427
0.04920
0.47416
0.01046
276337
0.45261
0.00544
-1.07007
0.01800
0
0
283254
0.74033
0.01144
-1.06873
0.03926
0.00889
0.02091
275267
1.41604
0.01904
-0.54353
0.01354
0.19640
0.00797
295145
1.01544
0.01389
-0.82624
0.02221
0.10288
0.01261
252998
0.67643
0.01179
-0.60697
0.04020
0.09824
0.01727
265342
1.05099
0.01887
0.26345
0.01869
0.39630
0.00664
219602
0.85739
0.01711
-0.32117
0.03433
0.40192
0.01167
276361
0.55841
0.00695
-1.87914
0.02355
0
0
253818
0.71696
0.01628
0.29630
0.03350
0.36125
0.00992
273658
1.28007
0.01926
0.25829
0.01257
0.31615
0.00550
253702
1.08744
0.01652
0.05520
0.01617
0.27904
0.00698
294565
1.19989
0.01914
0.30138
0.01408
0.34412
0.00572
219567
0.66657
0.01125
-0.38199
0.03452
0.07461
0.01441
252991
1.61411
0.03582
1.11744
0.01110
0.50066
0.00333
229595
0.66941
0.01186
-1.33581
0.05870
0
0.03142
219587
1.16182
0.01860
-0.04087
0.01709
0.34885
0.00719
276363
1.24540
0.01445
0.18212
0.00913
0.10496
0.00450
273661
1.47558
0.01827
0.54756
0.00752
0.16523
0.00362
264729
0.80302
0.01346
-1.03282
0.04090
0.13877
0.02077
219633
1.21732
0.01655
-0.48657
0.01588
0.19087
0.00864
284201
1.17794
0.01412
0.07310
0.01057
0.11392
0.00523
253878
1.60498
0.02642
1.06066
0.00811
0.29234
0.00320
288137
0.79322
0.01578
0.16969
0.02816
0.33462
0.00934
294566
0.58051
0.01201
0.05613
0.03972
0.12173
0.01387
219622
1.30399
0.01416
0.03702
0.00839
0.06974
0.00423
265596
1.32374
0.01797
0.55861
0.00925
0.21336
0.00421
273668
1.33699
0.01405
-0.32327
0.00892
0.03830
0.00470
253872
0.76892
0.00659
-0.27537
0.00787
0
0
229526
0.95008
0.01236
-0.45982
0.01851
0.07976
0.00941
253853
0.98426
0.01478
-0.09752
0.01870
0.22735
0.00824
229531
1.03033
0
0.52082
0
0.35556
0
265932
0.79949
0
-0.77791
0
0.10321
0
219579
0.66731
0
-1.48553
0
0.32164
0
264777
1.15702
0
-0.31933
0
0.21173
0
263846
1.37843
0
0.66995
0
0.35478
0
227825
1.58445
0
0.86457
0
0.30014
0
264785
1.40666
0
1.57625
0
0.25977
0
284198
0.62867
0
-0.63597
0
0.24155
0
264776
0.47167
0
-0.96761
0
0
0
253758
0.76645
0
-0.54141
0
0.20083
0
227756
0.62690
0
-1.44591
0
0.13165
0
226927
1.07327
0
0.00523
0
0.13177
0
253742
1.56498
0
0.73758
0
0.42270
0
219599
1.32070
0
0.68328
0
0.25986
0
219614
1.37976
0
-0.45093
0
0.28436
0
219677
0.56219
0
0.04269
0
0.20406
0
219690
0.74768
0.00639
0.38479
0.00688
0
0
283287
0.85628
0.00726
-0.52655
0.00804
0
0
219697
0.81823
0.00731
-0.80008
0.00951
0
0
228548
0.54788
0.00626
-1.42271
0.01847
0
0
284918
0.93257
0.00744
-0.06734
0.00633
0
0
265963
0.75580
0.00658
-0.40077
0.00839
0
0
228127
0.78633
0
-1.35179
0
0
0
226933
0.84999
0
0.61805
0
0
0
285104
1.35594
0
0.45853
0
0
0
