281891
1.44891
0.00615
-0.36139
0.00306
0
0
1.30444
0.00841
0.26819
0.00493
-0.40966
0.00404
-1.16297
0.00406
0
0
281896
1.23193
0
-0.67553
0.00372
0
0
1.44521
0.01134
0.37755
0.00637
-0.62030
0.00459
-1.20247
0.00444
0
0
258283
0.91212
0.00366
0.55596
0.00452
0
0
1.39512
0.00688
0.24008
0.00554
-0.33480
0.00574
-1.30040
0.00768
0
0
258253
1.17749
0.00630
-0.41222
0.00431
0
0
0.44575
0.00603
0.20637
0.00549
-0.05273
0.00507
-0.59939
0.00464
0
0
227315
0.94645
0
-0.41814
0
0
0
1.66253
0
0.56754
0
-0.58466
0
-1.64541
0
0
0
227323
0.65276
0
-0.42584
0
0
0
1.54572
0
0.33035
0
-0.40230
0
-1.47376
0
0
0
