272287
0.81873
0.01446
-1.76223
0.05488
0.09780
0.03293
217484
0.84210
0.01982
-0.22287
0.04049
0.49993
0.01172
282271
1.23455
0.01749
0.07246
0.01305
0.23727
0.00656
264283
0.64732
0.01808
-1.24978
0.09970
0.47086
0.02886
282122
0.81337
0.01480
-0.81536
0.04048
0.27011
0.01757
272298
0.95325
0.02231
0.91806
0.01792
0.39764
0.00580
282264
0.80463
0.01147
-0.71838
0.02713
0.06872
0.01352
265893
0.80145
0.01393
0.12506
0.02342
0.19777
0.00952
251435
1.26281
0.01737
-0.35750
0.01519
0.21825
0.00844
251311
1.37909
0.01990
0.73580
0.00841
0.20826
0.00400
282131
1.33167
0.01588
0.42659
0.00782
0.10757
0.00402
272182
1.19568
0.01537
0.40081
0.00959
0.13108
0.00478
273821
0.82311
0.01406
-0.65122
0.03412
0.22591
0.01525
251462
1.00014
0.01359
-0.13238
0.01623
0.13642
0.00808
217513
1.17324
0.01599
-1.02423
0.02050
0.13061
0.01303
294336
0.88149
0.01410
0.55046
0.01470
0.14595
0.00631
217529
0.82318
0.01183
-1.44308
0.03471
0
0.02012
282142
1.09669
0.01446
-0.04787
0.01380
0.14565
0.00707
272361
1.19120
0.01533
-0.89702
0.01772
0.10636
0.01114
229883
1.25103
0.01730
0.20206
0.01160
0.21427
0.00586
272176
1.26740
0.01727
0.49482
0.00949
0.17982
0.00468
251342
1.11569
0.01444
-0.23699
0.01461
0.13893
0.00781
221656
1.29977
0.01708
-0.95341
0.01692
0.12252
0.01120
251471
0.64615
0.01622
0.09158
0.04531
0.34182
0.01348
282484
0.91869
0.01154
-1.14033
0.02260
0.00567
0.01264
251397
1.12483
0.01497
0.01210
0.01328
0.15953
0.00678
273822
0.88919
0.01598
0.36302
0.01960
0.25995
0.00776
266101
0.42957
0.01823
0.60614
0.08758
0.32105
0.01942
229931
1.18344
0.02160
-0.52745
0.02547
0.44178
0.01083
282123
1.83245
0.02208
-0.12514
0.00779
0.15898
0.00505
222248
0.79946
0.01325
0.59148
0.01596
0.11759
0.00665
251331
0.87018
0.01332
0.81221
0.01151
0.08429
0.00488
227737
1.03134
0
-0.07848
0
0.22096
0
229034
0.75854
0
-0.57875
0
0.24357
0
229927
1.22184
0
-0.58482
0
0.15754
0
266115
0.97414
0
0.25901
0
0.24129
0
227720
1.27847
0
-0.54972
0
0.20207
0
227709
1.18700
0
-0.84792
0
0.13535
0
251387
0.49210
0
-0.17571
0
0.23595
0
229917
1.40927
0
-0.22415
0
0.22391
0
227740
0.69720
0
0.16650
0
0.15918
0
273824
0.94057
0
-0.04571
0
0.23721
0
229862
0.77828
0.07439
-0.93716
0.24134
0.36149
0.09193
223163
1.08319
0
-0.36141
0
0.20450
0
272358
1.10199
0
-0.16115
0
0.15524
0
272300
1.42856
0
0.04723
0
0.21154
0
226187
1.41458
0
-0.61846
0
0.12825
0
223113
0.73144
0
-1.25749
0
0.21154
0
282162
0.45160
0.00585
-1.19350
0.02063
0
0
282252
0.45340
0.00555
-0.51091
0.01423
0
0
282487
0.75579
0.00699
0.76337
0.00697
0
0
282350
0.97128
0.00800
0.51458
0.00549
0
0
282161
0.98498
0.00814
-0.17851
0.00640
0
0
265899
0.96107
0.00832
-0.53227
0.00775
0
0
272306
1.05320
0
0.39530
0
0
0
251345
0.55910
0
-1.47941
0
0
0
264305
0.54089
0
-0.68675
0
0
0
