282163
1.21726
0.00581
-0.85243
0.00402
0
0
1.43676
0.01330
0.04282
0.00614
-0.18259
0.00564
-1.29699
0.00458
0
0
282474
1.38711
0.00578
0.33017
0.00310
0
0
1.16922
0.00572
0.10479
0.00417
-0.29996
0.00409
-0.97405
0.00469
0
0
272190
1.06223
0.00551
-0.64498
0.00489
0
0
0.85650
0.00855
0.04947
0.00610
-0.12992
0.00578
-0.77605
0.00514
0
0
282490
0.96212
0.00440
-0.16018
0.00452
0
0
0.77053
0.00703
0.28963
0.00606
0.06564
0.00577
-1.12579
0.00561
0
0
282164
1.38063
0
0.33245
0
0
0
1.66780
0
-0.08042
0
-0.35449
0
-1.23289
0
0
0
229936
0.97755
0
-0.72926
0
0
0
1.35136
0
0.16085
0
-0.35115
0
-1.16106
0
0
0
