280473
0.59777
0.01356
-1.76082
0.09172
0.25889
0.03448
280490
0.96507
0.01675
-1.24542
0.03551
0.31775
0.01650
217389
0.85611
0.01256
-1.42519
0.03266
0.10231
0.01721
273793
1.19680
0.01696
0.02690
0.01308
0.24669
0.00621
264511
1.28079
0.02566
1.16150
0.01065
0.33232
0.00366
273795
0.79128
0.01458
-1.18565
0.04518
0.29995
0.01853
280988
0.96787
0.01632
-0.33485
0.02366
0.33609
0.00949
280491
0.98097
0.01407
-0.08563
0.01649
0.19501
0.00744
294280
1.02637
0.01327
-0.04248
0.01333
0.13229
0.00634
272772
0.71334
0.00838
-2.00536
0.02065
0
0
261584
0.95742
0.01350
-0.71085
0.02187
0.17378
0.01071
248892
0.63777
0.01336
-1.37961
0.06829
0.26793
0.02537
280479
0.89090
0.01186
-0.96171
0.02321
0.08980
0.01171
204888
0.95615
0.01268
-0.41367
0.01755
0.13333
0.00844
261579
0.83931
0.01270
-0.49603
0.02454
0.18004
0.01075
272898
0.74580
0.01508
-0.06553
0.03205
0.33037
0.01056
204737
0.99567
0.01401
-1.61298
0.02734
0.07332
0.01601
272777
1.32415
0.01742
-0.46675
0.01337
0.20941
0.00739
280695
0.66005
0.00862
-2.40013
0.02711
0
0
280990
1.35527
0.01948
0.10747
0.01152
0.28269
0.00557
280505
1.73482
0.03304
0.93708
0.00881
0.40710
0.00339
260824
0.88629
0.01868
0.86907
0.01688
0.31722
0.00570
248905
1.24709
0.01859
0.86198
0.00857
0.18106
0.00365
248737
1.31540
0.02170
0.47813
0.01160
0.34367
0.00486
280486
0.95596
0.01429
-1.26587
0.02909
0.17427
0.01538
221154
0.97654
0.01300
-0.42973
0.01749
0.14300
0.00848
280730
1.09045
0.02303
0.73417
0.01583
0.43404
0.00511
261589
1.21002
0.01673
0.12765
0.01187
0.22188
0.00569
261223
0.79763
0.01347
0.29916
0.01934
0.18991
0.00752
280510
0.72202
0.00835
-1.94481
0.01979
0
0
248885
1.00811
0.01451
0.70321
0.01023
0.12766
0.00434
207077
0.95858
0.01336
0.46302
0.01166
0.12058
0.00507
248869
0.79206
0
-0.24137
0
0.15733
0
206922
1.08312
0
0.11174
0
0.51126
0
260681
0.91964
0
0.26675
0
0.20733
0
217299
0.74981
0
-0.12908
0
0.20195
0
204708
0.75860
0
-1.63343
0
0.13469
0
280666
0.79102
0
-1.39582
0
0.23316
0
273044
0.73100
0
-0.31144
0
0.46429
0
260695
0.75193
0
-0.19514
0
0.17696
0
261198
0.60921
0
-0.92484
0
0.31015
0
272892
0.97702
0
-0.21431
0
0.21676
0
204866
0.96776
0
-0.03752
0
0.18107
0
206930
0.99212
0
0.70118
0
0.24298
0
204785
1.13891
0
-1.10801
0
0.16743
0
260837
1.01969
0
0.32997
0
0.17707
0
273050
0.64709
0
-0.29245
0
0.22131
0
272911
0.91272
0
-0.51018
0
0.10551
0
204924
0.72650
0.00656
-0.30061
0.00824
0
0
280828
0.95658
0.00777
0.08472
0.00587
0
0
280503
1.10810
0.00872
0.32546
0.00507
0
0
280746
0.66162
0.00623
-0.31952
0.00895
0
0
261596
0.76388
0.00733
-1.05796
0.01155
0
0
217411
0.67719
0.00626
0.00012
0.00783
0
0
204915
0.78411
0
-1.31448
0
0
0
207514
0.86165
0
-0.41556
0
0
0
280747
0.60193
0
-0.40019
0
0
0
